30597
40959
30224
26202
30641
26143
30261
30024
40040
26432
30329
30018
26196
30867
36271
37165
30247
39202
20849
29983
24946
20884
40310
29833
37180
28366
29928
30316
30569
24948
29773
40339
30291
40910
30071
31202
14154
23105
30178
30003
30332
25273
31942
30503
28470
21527
30878
31374
29819
32958
20608
40137
30148
40879
37179
30257
38038
39425
40961
37765
30111
20902
29874
29964
19071
29817
30341
30053
30264
30553
40925
35195
37852
31546
30665
26184
30762
30008
30168
30369
31910
31990
27609
30827
37730
35210
36110
36274
29806
30573
20912
30190
30119
20861
33737
30655
39358
31820
39357
30486
31433
33320
36596
30297
31085
40336
30436
30233
33651
29921
30106
28375
35946
30856
40958
20913
30039
38257
26306
33645
31009
26175
38861
30214
30306
29955
29934
30947
38262
39455
30370
30706
20899
39624
30926
30200
30594
36985
26093
40136
26241
33502
29770
39269
31608
40118
34839
29919
30212
30251
30699
31194
37215
31114
29979
30837
30191
29982
31744
30382
30443
36834
30510
40379
31132
40305
26119
30249
38046
30933
26446
39426
30567
29754
20889
30575
39014
26756
30171
40899
30566
30196
29815
30509
31416
30013
30659
30650
29816
20887
38180
30529
20607
40261
31051
30144
30631
26280
30735
30771
29252
29904
29941
39012
31030
30365
30773
33321
31122
30768
40960
30830
30439
30135
39150
37851
20864
39364
40144
29736
26225
30030
30392
37581
30123
37214
29891
30156
29850
41473
30528
15936
30241
20892
26152
30125
26063
30282
40059
33434
41634
30506
40532
29868
40263
40380
31304
32168
28413
20441
31247
37580
29811
29855
29936
29843
25634
30063
29876
40286
20862
35405
29866
26265
38177
30876
36258
26236
31083
30726
39416
36088
40362
30012
39084
39260
28737
40912
29903
37931
30032
30345
38860
37905
26199
26154
33433
30879
30359
30210
37854
26168
29506
40909
30043
37930
25527
30401
30129
33721
39209
29802
31081
30356
30721
39210
30035
26141
39203
39418
36732
40894
31048
30393
31625
39268
30169
24796
30716
37439
29930
37941
30019
26266
29505
30809
30028
26619
30648
29926
30394
24285
29735
36707
27424
40701
30275
31685
35684


30533

41038
29878
37875
37849
40115
30836

26187
31015
31129
41173
29844
40266
30096
30647
40072
30476
40378
38256
29963
31451
28414
33409

24793
31014
29852
24841
30654
38998
30504
29848
38179
31331
40901
26191
31168
26126
32289
27640
31498
30344
20788
40377
33408
29814
38293
40114
31385
30523

31113
39267
40908
36664
26198
29961
30305
30803
36291
41013
30928
37732
26310
39205
31753
25733
40905
31378
37079
30361
32324
20439
29092
35574
39208
26259
30512
36417
30230
37166
30320
15427

29975
30010
30660
19070
27431
30491
33331
31789
28890
30568
30714
27432
22825

24967
25682
30937
30078
30420
31630

35144
30041
30267

37793

31565
29873
30289
29888
30454
26300
29935
24870
37855
30045
31150
29907

31566

20906
31626
30508
23752
30022
29922
28220
36597
40988
30931
29777
26283
30895
30758
31054
30124
10457
40143
30557
14780
37430
30128
31430
26234
32137
20978
26162
30004
26338

40902
30656
29911
29929
30814
29851
25077
26442
11080
28372

30593
33735

26262
29958
26178
25919
30398
30227
30532
33648
38863
35374


29813
31133
31213
31043
31807

26313
37792
40287

30577

40113
31952
29996
41601
20792
28222
29807

30093
23814
38122
29898
30418
20879
31567
30160
36685
31190
12458
30048

31012
31821
36091

39013
30912
26118
30087
29992
22827

23259
33711
26064
30112
30445
29767
30732
30816
30761
31861
40904
30474
30263
30646
30531
30441
30321
39424
25560
27536
30602
30888
29779
38354
40262
26286
32460
30770
20853
28230
29746

26449
26091
26336
23258
24883
31715
30021
30336
30312
26132
28376
26441
30175
18361
28982
30069
37622
36222
30177
24925
31228
30741
30543
29800
40276
30942
26347
37460
30849
26351
25789

20791
31090
25942
30023
24795
29828
26158
25736
40291
40878

37767

22698
26193
33323
30209
36729
37735

20973
32313
39266
31196

39154
30999

31047
32414
26209
35102
30731
31538
29970
30521
26536
31389
35104
28058
20847
32418

30686
29840
41556
30309
30333
31069
26080
30206
26323
25262
31429
30860
30554
31490
37624
24836
30153

20888

24842
29894
39359
30763
30349
37734
30475
31915
37417

37932
24871
26329
25043
36415
36660

37770
26233
32290
31499
30775
30326
31562

37617

26339
30409

26997
39271
31695
30579
30198
13367
30514
31362
30113
35272
32425
30668
30363
29801
27453
25078

29994
30846
32063


31480
37404
26454
30059
26284
38659
26321
29753
26231
30001
26227
39261
35686
10703
37768
30281

29918
32123
28480
29805
20893
31053
12553
30244
36188
30444
20898
35091
29933
40290
30596
30403
30266
30396
30067
26294
13736
28481
29853
23940
25338
40338
10967
27433
40340
29791
39244

26333
30155
32409
31248
29945
39625
30366
31217
31484
30279
37415
28415
33410
17070
29507
36699
20322
30998
30976
31225

32355
24954
33591
26270
35375
30009
29885
25467
30670
30637
31311
26121
30197
32350
25730
30916
29869
33738
30802

35383
30652
30007
30118
39239
31423
39241
39243
30838
39240
29871

36092
26194
30086
29943

29993
30603
28482
30438
31256
29846
30989
26122
30571
29782
26222
38720
35417
30340
30064
31510
30489
36365

30572
30142
40289
30746
39225
30435
31488
20848

30287
30183
39410
30065


30338
31042
33637
26092
30549
26208
30047
27845
29809
29998
30389
30608
13777
30089
29796
31476

29950
20915
30182
29956
29776
25994
30330
30674
29821
29774
25344
39411
31056
29798
39197
31388
30640
30114
30469
40111
40109
30077
14670
40110
29790

38265
32223
19467
36140
26155
26181
29971
30231
25319

35398
30862
31227
26272
30416
30040
20852
27651
40906
30701
25735
31527
29937
31435
31439

21263
29954
28484
30465
26220
36292
30234
30081
40288
30756
31066

24926
27430
40275
35248
30570
38725
30448
25105
29959

27783
26661
26273
30357
20580
31198
27643
23455

19531
30052
39212
38298

30317
30505

29509

37782
30079
36238

39270
30270
30181
31013
37574
21576
29884
25731

30673
30500
29931

30243
36416
22076
29914
25286
29887
31087
30298
30464
18123
36248
37704

30828
31019
29948

37731

39627
19468
30225
39213
40337
37181
30765
32134
19419
29972


37571
29107
30286
20969
25042
25732
30154
38166
20850
30138
37477


30921
13923
26416
25320
30276
30277
26275
30679

33726
29985
26260
10702
26207
29942
20798
18362
20876
29860
29857
30696
28654
30516
30546
20855
11416
30335
30299
30507
28981
30749
29939
26134
30151
29927
30348
29949
20881
30471
26214
30120
30331
30415
30339
30057
32179
30555

29978
30391
31180
32184
30070
30924
20883
36695
30629
29804
25520
29947
30161
30725
26448
31214
29751
37733
32060
20895
29965
30218
31339
31661
30062
31544
20877
29784
23711
30395

30657
29973
31964
29845
31926
30131
20858
31417
20793
29962
36089
29786
30730
30222
16969
31258
30054
30145
29968
20866
30162
38312

32342
31357
31237
31536
30671
37012
30377
31991
35332
30680
31095
37054
41039
35169
40036
31187
31355
36199
31434
31659
30852
40023
36186

30164
31300
20907
26444
40911
31765
32455
29760
40907
31551
35153
20900
30381
40031
32088
31850
30873
30295
29969
31262
31035
37036
20972
30700
30495
30017
31424
31064
30820
31172
37899
30499
30719
30872
31167
31016
31477
30288
38491
32212
29986
31532
30806
38792
29944
30988
30272
33638
20867
30944
32129
31440
31418
30936
40750
37449
32094
30697
31255
37712
31002
30691
31848
30068
30221
31667
30552
30639
31203
31427
30704
28479
31364
30134
35233
31259
30273
30157
31431
31516
40027

31447
30688
30481
31159
31542
31188
30252
30666
32096
30319
31208
31554
35381
30202
39204
30242
35230
31442
30675
29858
31444
30877
38311
31450
20797
29886
30946
41023
35234
31906
40376
30450
35213
20903
29820
29893
30759
30738
38313
30599
28075
29763
29913
30527
31830
38316
37167
36694
37766
29880
31041
30925
31239
31171
20904
31826
27687
31972
32169
27677
31978
41010
30918
30683
35322
31550
36281
38664
30101
36163
30745
29856
36122
29827
27493
37906
30109
41240
27762
31509
30742
30417
30815
26128
41041
36119
30524
31038
30649
30564
38661
30037
29836
30981
30170
29536
28221
30434
30284
26235
39429
30274
36121
30127
32202
37707
30954
31561

30442
26159
26094
30613
30280
35236
29769
31058
32099
36986
41009
31996
31522
30702
20878
38124
29953
41040
29733
35171
28067
40530
33446
33601
30167
30817
37572
30133
39132
36218
20885
29842
30397
38326
31816
30891
29889
26257
26137
31773
30294
31296
38660
33640
36123

31348
11060
38658
32316
38309
26142
30372

31243
30720
31358
37909
29916
30250
38310
36278
26123
37853
30147
31642
40018
38143
35200
29808
31329
30095
31739
32473
40026

30139
30930
30447
38814
30979
35207
31640
31028
29803
38304
37613
31673
30858
24920
23191
30201
31802
36675
32959

30723
31341

30044
35146
30863
29999
30246
30633
31274
40045
40046
29793

40033
30480
36093
38358
40038

31386
40932
31209
32093
29756
32178
32351
40044
31742
31001
39211
38175
30547
30886
36289
30565
36263
40035
40029
30293

30163
35320
29835
30850
31376
41024
30609
30373
25104
40019
31828
30400

30630
40041
31062
29987
19223
38127
26561
40935
30907
29899
31514

30150
31887
33674
30347
33741
30368
30056
30322
30625
30194
30364
31077
30143
20547
30974
39231
40933
30515
30661
30563
30358
29741
31720
30141
30259
29780
31191
26140
31206
31254
30663
30411
30501
31464
30205
30350
31772
39214
31220
29042
41016
31813
31387
26211
30453
31558
37081
31257
32308
29795
30669
31891
39543
33748
29896
31721
31537
31179
37044
31324
31151
38138
32181
32114
30136
33632
31854
31086
30343
31291
37918
30678
30193
31071
37435
37046
36211
30967
33701
30253
38717
30703
31422
30025
36269
31519
31252
29734
31152
37018
32191
36152
31448
37420
33619
32456
37424
30634
30621
36162
35208
29854
30362
38294
31261
31428
33053
38819
35571
30451

31182
31183
30423
31482
33684
31656
29766
29892
26385
30058
32111

35575
31485
33665
30760
31478
33613
30539
37473
36204

30080
31639
31922
30733
37065
33673
34223
30689
31025
39352
31780
29737
30005
30115
35191
29215
27676
22739
20886


29870
32230
29762
38305
32143
36680
31033
35155

30132
33605
26658
31949
30405
31902
38297
31553
30945
26443
30556
30662
31130
36279
36724
30882
35183
31091
32364
35225
36994
36678
30152
26205
31761
31273
30940
29789
37455
36206
30923
32138
31729
30498
30050
30103
30755
29841
30414
35378
31212
31323
28742
30934
35140

36684
31371
31222
37019
30374
38039
30927
36703
30677
30576
30304
30874
31977
39015
31688
35270
38144
31321
38323
30707
33682
30750
31535
23254
38663

30229
30717
33728
30971
31205
30857
26200
31195
30690
30385
30452
39011

35165
31088
32218
37570
39443
31155
37014
20846
30530
30116
31098
25509
35123
38657
32110
23547
30715
30522
31010
39629
31000
32338
30327
31383
31410


31665
35245
26374
29810
24907
31161

36413
36414
30804
36160
18822

35244
33718
40112
30172
26150
30705
37593
29785
31330
24903
31486
30237
29750
24944
30380
31622
30694
30899
30542
30619
40341
29895
30526
30993
31272

30477
31483
30092
20974
30810

39626
30684
30446
24873
30379
31163
29967
29997
36283
29932
30843
30541
31303
37048
39016
30334

31888
30467
30718
38353
30753

31264
29765
26930
30472

38184
29872
30173
31229
30325
28738
30387
30265
23260
30560
30956
33643

30728
29966
32474
30248
30301
36689
31743
30072
30235
33722


22489
30632
30371
26755
28483
20894
38793
31664
30949
23465
29847
31351
30996
30994
30061
32101
30829
27664

29890
31508
37017
30920
30494

31533
31370
30708
35142
29832
30036
41006
31365
29991
35329
30744
30360
31040
35397
35167
30561
29877


35089
35203
31914
30404
30642
20890
31555
30315
30859
29923
31288
30140
31270
31619
13912
28485
29946

30751
31763
31741
40265
37463
21911
29957
38517
30313
38726
30108
28059
30311
36203
29989
38266
30310
30174
30562
32119
30607
30199
29792
35382
35325
31924
29976
38302
30342
29758
31319
30110
29781

30346
36697
33734
30574
32330
31883
30462
30208
29909
30355
30739
31312
30076
30693
31007
31192
36644
31199
31285
36696
36142
33603
29974
30038
31905
30840
30207
31149
30217
33706
30490
29740
32432

30752
29960
30088
26650
30737
29738
26268
29849
29794
35251
30676
31658
31547
31844
31628
37926
30606
26931
30913


26151
30847
27678
29925
28074
31046
31426
33710
38300
25280
30493
29859
37626
31223
37568
31263
30146
31342
38296
40934
30724
31282
33745
15935
29901
30941
10820
31613
29539
32214
29772
33650
30245
31250
30090
31783

31768
33693
30805
37769
35249
30413
31737
29920
31735
31089
27688
20868
31994
31829
32356
31165
30823

30302

26932
35330
30468
30848
33713
31899
30628
30604
29865
29980
32217
31921
30880
26127
31131
30390
38263
30352

30104
40843
38314
30102
30496
36266
30099
34211

30232
37567
30961
30972
29875
29818
31238
30082
35379

15362
31074
40533
38327
25727
31219
31611
29917
32314
31920
38301
32186
30375
30932
31174
30519

30492
29906
33668
31629
31018
31094
33393
30406
35376
31313
30060
39242
30525
29538
26998
36236
31420
39224
38299
31201
30485
30216
40531
26754
38662
39628
30328
36090
30386
29940
31877
30868
30764
30883
26218
31367
31139
30432
30122
31260
31029
31218

30612
26125

40343
20865

31024
37686
26129
37445
32361
36290
14506
29912
30622
30938
40342
38315
30075
31332
31560
31384
31733
31504
25791
33663
30066
28740
29988
31559
31126

32185

15595
31281
30540

31754
26033
30943
28069
28073
36418
30578
30073
31097
31987
26654
35139

30419
38724
30437
30016
31275
32366
28072
35159
29039
35334
33740
29924
32464
32161
29537
31974
30822


36267
31293
30520
31441
31903
35201
31837
30107
35573
31563
35229
38176
38784
30290
20891
31938
31297
31409
35269
29938
30821
36710
23261
31286
30020
38824
32205
32157
30121
29216
35141
32243
31356
38178
20870
29788
30466
32459
31636
30213
37781
30283
30303
31984
37625

31726
30736
31736
31023
31815
37716
32339
30388
38355
31302
31810
31266
31523
37569
37456
33724
35242
30105
38174
28438
36153
40264
30117
31336
31325
30811
26203
31825
19420
30015
30623
31055
30915
37610
31473
31948
30833
33719
29897
38149
31157
31456
31552
30906
39544
37006
35319
37003
31468
36207
35152
40594
38155
37688
27806
30616
30600
28071
31663
36692
31505
31779
35090
31758
31381
32166
33707
30922
31073
36682
37453
32153
37007
32160
31215
31834
31878
32311
36262
36167
29040
31913
30951
31985
31491
36657
38728
31065
31022
31947
36182
30710
31005
32126
31993
37457
37714
36261
31716
30903
35168
38110
31776
33679
33689
31036
31474
31893
31241
38163
31146
31512
33716
31186
32125
33618
31771
36304
28068
31063
37717
31724
31160
35404
31294
36244
30985
31678
35094
31680
31833
31989
38295
27492
36224
32150
33625
35147
30845
32340
35274
38130
31620
38493
31466
31570
31178
37476
31502
31411
36652
33723
31072
29043
38811
35161
37447
31359
38147
31696
35105
31808
33655
38801
31445
31766
31462
36733
31788
31890
35130
35222
36225
32128
30905
40857
31099
31443
31234
31836
32326
35271
37927
38516
36147
36736
31279
35273
38325
31660
31452
30884
31328
35223
35240
31372
31781
31727
37011
31755
32146
31455
33639
31722
33676
37470
31934
31787
38168
31017
33675
35221
35227
37616
31181
30766
31841
37437
32183
31540
32133
31337
36181
31284
30074
31945
38172
30624
31269
37423
31760
32360
32187
38264
35211
35231
32245
31966
32174
32227
31612
31892
30831
31287
39537
31880
31879
36148
32130
31919
35174
36228
31973
31644
31623
33664
31475
36676
37077
32156
35122
30887
31148
38829
36260
32197
36270
31507

33647
33660
31955
32127
36259
31569
31175
36716
32224
30982
32155
37413
37579
31361
32117
31366
31166
33683
31487
41026
35196
30658
31295
37902
32221
29977
31714
37400
31177
32363
37444
31346
32162
31916
26436
37921
31655
35180
31648
31823
29881
32200
31235
31541
36686
35154
37448
30300
31618
31738
37474
31003
35275
36681
32323
30984
32353
30826
25882
31497
35323
31959
36231
38827
31557
37573
32238
31917
30545
33720
31740
38786
31471
38503
37594
37924
31503
37406
32241
31327
31782
31459
31805
32331
32192
28070
31746
32419
33690
32106
31492
32453
31345
31615
39052
33599
31026
31817
32172
31093
33681
30851
32461
31463
33600
30550
38795
33691
31997
31757
38116
31322
37619
31290
31211
31691
33698
31819
32089
38496
37478
37427
31369
38799
31717
31631
36996
31068
31231
35199
36687
35148
31686
31080
32315
31531
36247
31672
29812
36713
31732
32171
32234
33688
31929
31338
30898
32148
31767
37028
30885
31624
38169
37421
31511
37928
35327
37708
35217
31210
30239
37047
31634
37418
30740
31652
31649
32320
32175
32086
37908
31436
36273
37682
36243
31666
30964
35173
32109
37614
36159
36200
35135
33739
31158
35241
31971
31731
31437
32113
35243
30709
30919
31292
32322
37056
38157
37925
37903
35220
30314
31169
31350
36659
32319
40696
36280
32098
37067
31568
35164
35550
35176
40691
35116
35111
38498
30893
30978
32180
32195
37042
36990
38173
31092
38513
38807
31415
31267
31360
31057
33633
31032
41008
37693
31513
36216
33678
31979
37695
36180
31226
36677
32203
37911
31326
27482
37919
36255
38492
31031
31449
31843
30900
37064
31320
38159
33661
38119
31082
37900
31725
38809
31465
36995
29748
31236
31769
30960
38137
35088
31719
31524
31419
32095
31253
32457
36184
31983
31609
31931
31898
32225
35109
31021
38500
36734
31627
35326
32343
35194
33656
31646
31895
31368
36226
32362
36234
31901
33624
38495
32105
32152
36229
37589
36701
36272
31674
40999
31333
33658
38813
32352
37069
31334
31314
37620
32332
31752
37598
32368
32209
37057
40690
30914
38797
33731
36719
37438
37687
31493
36711
31049
38494
30892
37429
31923
38506
31734
41011
33687
32235
30558
35239
37929
32167
33612
35192
36173
37715
32450
37591
37060
36735
38790
36645
41727
41728
32372
31937
37464
37907
41018
41731
37461
37917
35121
37425
37008
33747
38148
55557
41772
41773
41774
41771
35202
41787
37703
35097
32097
38514
31774
33666
41822
41828
33623
41830
41833
41829
41832
41823
41824
41831
41827
41825
41826
41842
41844
41847
41841
41846
41849
41850
41851
41852
41853
41854
41855
41857
41858
41873
31992
32447
41889
41890
41891
41885
41886
41884
41888
41887
41898
41899
41900
41901
41908
41907
38817
38121
31647
32433
31814
31751
41915
41914
41913
38828
41917
41918
41919
41920
41921
41922
41923
41924
41925
41926
32440
31750
41956
32441
41993
41995
41998
37061
37428
31614
32198
36647
31310
42671
42672
42673
42676
42677
42678
42679
42680
37600
42670
41003
38510
36679
42782
42773
42793
42781
42780
42774
42771
42807
42803
42809
42806
42804
42810
42808
42805
42812
42811
42761
42759
42758
37419
40869
42837
42838
42839
42840
42841
42842
42844
42845
42846
42847
42465
42946
42947
42945
42948
42955
42957
42958
42959
42960
42961
42962
42963
42964
42956
42989
42991
42992
42987
42988
42990
43010
43011
43012
38787
43013
43016
43015
43018
43017
43025
43024
43023
43022
43029
43028
43030
43031
43034
37471
43078
43079
43080
43077
43075
43074
43070
43071
43072
43073
43076
43084
43083
43082
43081
43100
43099
43102
43103
43113
43146
43120
43122
43127
43130
43137
43143
43118
43156
43155
43159
43160
43158
43161
43165
43167
43169
43170
43171
43172
43173
43182
43183
43184
43185
43194
43199
43213
43214
43236
43259
43260
43262
43261
43265
43249
43250
43251
43252
43254
43255
43256
43257
43258
43253
43263
43264
43266
43270
43277
43278
43276
43275
43280
43279
43281
43338
43426
43358
43403
43406
43402
43359
43404
43429
43408
43410
43422
43428
43431
43424
43425
43411
43409
43412
43430
43413
43423
43420
43439
43440
43441
43442
43443
43418
43421
43461
43462
43478
43479
43482
43476
43481
43477
43480
43487
43485
43486
43484
43490
43518
43519
43521
43534
43557
43569
43570
43571
43572
43573
43574
43575
43576
43577
43578
43585
43601
43609
43610
43613
43628
43631
43636
43643
43644
43642
43655
43656
43660
43661
43662
43666
43665
43664
43663
43669
43668
43690
43692
43695
43697
43713
43710
43711
43712
43714
43730
43760
43758
43762
43763
43765
43764
43767
43766
43759
23851
25489
26061
26065
43776
43778
43785
43788
43793
43812
43808
43796
43813
43795
43799
43802
43797
43794
43769
43770
43773
43815
43816
43817
43818
43819
43820
43821
43849
43850
43852
43856
43861
43855
43872
43871
43882
43883
43884
43885
43886
43887
43888
43889
37595
43912
43913
43914
43915
43909
43910
43911
25157
21798
23233
23533
24753
25991
28054
29522
35951
39630
43924
43923
43922
43930
43929
43925
43931
43928
43926
43927
43943
43944
43946
32430
44094
44096
44097
10594
11389
14180
13844

14144
44207
44209
44211




10033
10529
10544
16624
16625
16631
18009
18010
18025
25615




13845
13874
14139
14143
14728
14729
14795
37227
37380
38767
38768
39463
40965
38146
40695
40688
40966
42921
37168
48840
48841
48842
48843
48860
48861
48862
48863
48864
48874
48875
48877
48878
49003
49004
49005
49006
49007
49008
49010
49014
49017
48879
48885
48890
48897
48901
48902
48906
48909
48910
48911
48923
48927
48941
48880
48881
48883
48884
48886
48888
48893
48894
48895
48896
48899
48903
48904
48907
48908
48915
48925
48929
48931
48938
48948
48951
48956
48957
48958
48959
49018
49019
49020
49021
49022
49023
49024
49026
49027
49028
49029
49030
49040
49043
49046
49047
49052
49049
49061
49071
49072
49112
49113
49114
49122
49123
49131
49132
49133
49134
49135
49136
49137
49138
49139
49140
49141
49142
49143
49144
49145
49146
49147
49148
49149
49150
49151
49152
49153
49154
49155
49156
49157
49158
49159
49160
49161
49162
49163
49164
49165
49166
49167
49168
49169
49170
49171
49172
49173
49174
49175
49176
49177
49178
49179
49180
49181
49256
49260
49261
49262
49263
49264
49267
49315
49316
49317
49318
49319
49320
49321
49322
49323
49324
49325
44225
44229
49338
49383
49384
49385
49387
49389
49390
49391
49393
49409
49408
49410
49411
49412
49413
49414
49415
49416
49417
49418
49419
49420
49421
49422
49423
49424
49425
49426
49427
49428
49430
49431
49432
49433
49434
49435
49436
49437
49438
49439
49440
49441
49442
49443
49444
49445
49446
49447
49448
49449
49450
49451
49452
49453
49454
49455
49456
49457
49458
49459
49460
49469
49470
49492
49495
49496
49501
49812
49813
49814
49815
49724
49725
49726
49727
49728
49729
49730
49731
49732
49733
49734
49735
49736
49737
49738
49739
49740
49741
49742
49743
49744
49745
49746
49747
49748
49749
49750
49751
49752
49753
49754
49755
49756
49757
49758
49759
49760
49761
49762
49763
49764
49765
49766
49767
49768
49769
49770
49771
49772
49773
49949
49950
49954
49961
49962
50006
50156
50157
50158
50159
50160
50161
50162
50163
50165
50166
50168
50169
50170
50171
50172
50173
50174
50175
50176
50178
50179
50180
50181
50182
50185
50186
50187
50188
50189
50190
50191
50192
50193
50194
50195
50196
50198
50199
50200
50201
50202
50204
50205
50206
50207
50177
50197
50183
50167
50203
50465
50466
50467
50572
50573
50803
50804
50805
50808
50809
50812
50815
50816
50817
50819
50820
50821
50822
50823
50827
50828
50829
50831
50832
50833
50835
50836
50837
50839
50840
50843
50847
50848
50849
50850
50851
50806
50807
50810
50811
50813
50814
50818
50824
50825
50826
50830
50834
50838
50841
50842
50844
50845
50846
51095
51097
51102
50986
50992
50994
50996
50997
51000
51003
51004
51005
51006
51007
51009
51010
51011
51012
51015
51016
51017
51018
51020
51021
51022
51023
51024
51026
51027
51028
51029
51034
51035
51036
51037
51039
51040
51041
51042
51043
51045
51046
51047
51048
51049
51052
51054
51055
51056
51058
51064
51065
51066
51070
51071
51072
51075
51104
51105
51106
51107
51108
51109
51110
51111
51112
51113
51114
51115
51116
51117
51118
51119
51120
51121
51122
51123
51124
51125
51126
51127
51128
51129
51130
51131
51132
51133
51134
51135
51136
51137
51138
51139
51140
51141
51142
51143
51144
51145
51146
51147
51148
51149
51150
51151
51152
51284
51285
51084
51460
51461
51462
51463
51464
51465
51467
51468
51469
51471
51472
51714
51715
51716
51717
51718
51720
51722
51723
51719
51721
51724
51725
51726
51727
51728
51729
51730
51731
51732
51733
51734
51735
51736
51737
51738
51739
51740
51741
51742
51743
51744
51745
51746
51747
51748
51749
51750
51751
51752
51753
51754
51755
51756
51757
51758
51759
51822
51823
51824
51825
51826
51827
51828
51829
51830
51831
51832
51833
51834
51835
51836
51837
51838
51839
51840
51841
51842
51843
51844
51845
51846
51768
51769
51770
51771
51772
51773
51774
51775
51776
51777
51778
51779
51780
51782
51783
51784
51785
51787
51788
51789
51781
51786
51790
51791
51792
51793
51794
51795
51796
51797
51798
51799
51800
51801
51802
51803
51804
51805
51806
51807
51808
51809
51810
51811
51812
51813
51814
51815
51816
51946
51947
51948
51949
51950
51951
51952
51953
51852
51853
51854
51855
51856
51857
51858
51859
51860
51861
51862
51863
51864
51865
51866
51867
51868
51869
51870
51871
51872
51873
51874
51875
51876
51877
51878
51879
51880
51881
51882
51883
51884
51885
51886
51887
51888
51889
51890
51891
51892
51893
51894
51895
51896
51897
51898
52008
51965
51956
51957
51958
51959
51960
51961
51962
51963
51964
51966
51968
51969
51970
51971
51972
51973
51974
51975
51976
51977
51978
51979
51980
51981
51982
51983
51984
51985
51986
51987
51988
51989
51990
51991
51992
51993
51994
51995
51996
51997
51998
51999
52000
52001
52002
52003
52009
52010
52011
52012
52013
52014
52015
52016
52017
52020
52021
52022
52023
52024
52025
52027
52084
52085
52088
52089
52090
52091
52092
52093
52094
52095
52096
52098
52100
52101
52102
52103
52105
52106
52107
52108
52110
52111
52112
52113
52114
52115
52116
52117
52118
52119
52120
52121
52122
52123
52124
52125
52126
52127
52129
52131
52132
52133
52134
52135
52136
52137
52138
52139
52140
52150
52151
52152
52153
52155
52156
52196
52197
52157
52158
52162
52164
52165
52166
52167
52170
52177
52179
52180
52181
52182
52183
52185
52186
52187
52176
52200
52201
52029
52257
52258
52261
52262
52263
52264
52265
52266
52267
52268
52269
52270
52271
52272
52273
52274
52275
52276
52277
52278
52279
52280
52281
52282
52283
52284
52285
52286
52287
52288
52289
52290
52291
52292
52293
52294
52295
52296
52297
52298
52299
52300
52301
52302
52303
52304
52305
52306
52307
52308
52309
52310
52311
52312
52313
52322
52320
52326
52328
52388
52389
52390
52391
52392
52331
52334
52336
52337
52338
52335
52340
52341
52342
52343
52344
52345
52346
52347
52348
52350
52352
52355
52357
52358
52359
52360
52361
52362
52364
52365
52366
52368
52369
52370
52372
52374
52375
52376
52377
52378
52379
52381
52382
52383
52332
52333
52339
52349
52353
52354
52356
52363
52367
52371
52373
52380
52443
52444
52445
52446
52447
52448
52449
52450
52394
52399
52400
52401
52406
52407
52408
52409
52410
52411
52412
52413
52414
52415
52416
52417
52418
52419
52420
52451
52452
52453
52454
52455
52456
52457
52458
52459
52460
52461
52462
52463
52464
52465
52466
52467
52468
52469
52470
52471
52472
52473
52474
52475
52476
52478
52479
52477
52480
52481
52482
52483
52484
52485
52486
52487
52488
52489
52490
52491
52492
52493
52494
52495
52496
52497
52498
52499
52500
52501
52502
52503
52533
52534
52535
52536
52537
52538
52539
52540
52541
52542
52543
52544
52545
52546
52547
52548
52549
52550
52551
52552
52553
52554
52555
52556
52557
52558
52559
52560
52561
52562
52563
52564
52565
52566
52567
52568
52569
52570
52574
52575
52576
52577
52578
52579
52580
52581
52582
52583
52584
52585
52586
52587
52588
52716
52717
52718
52598
52599
52600
52601
52602
52603
52604
52605
52606
52607
52608
52609
52610
52611
52612
52613
52614
52615
52616
52617
52618
52619
52620
52621
52622
52623
52624
52625
52626
52627
52628
52629
52630
52631
52632
52633
52634
52635
52636
52637
52638
52639
52640
52641
52642
52643
52644
52645
52646
52647
52648
52649
52650
52656
52657
52658
52659
52660
52661
52662
52663
52664
52665
52666
52667
52669
52670
52671
52675
52677
52678
52679
52680
52681
52682
52683
52684
52685
52686
52687
52688
52689
52690
52692
52693
52694
52695
52696
52697
52698
52700
52702
52703
52704
52705
52706
52708
52668
52672
52673
52674
52676
52691
52699
52701
52707
52732
52733
52734
52735
52736
52740
52741
52745
52753
52754
52755
52756
52757
52760
52762
52763
52766
52767
52768
52769
52771
52772
52785
52786
52787
52788
52789
52790
52791
52792
52793
52794
52888
52774
52830
52831
52832
52833
52834
52835
52836
52837
52838
52839
52840
52841
52842
52843
52844
52845
52846
52847
52848
52849
52850
52851
52852
52853
52854
52855
52856
52857
52858
52859
52860
52861
52862
52863
52864
52865
52866
52867
52868
52869
52870
52871
52872
52873
52874
52875
52876
52877
52878
52879
52880
52881
52882
52907
52908
52909
52912
52913
52944
52945
52947
52948
52949
52950
52951
52986
52987
52988
52989
52990
52991
52993
52994
52996
52997
52998
52999
53002
53003
53004
53005
53006
53007
53008
53009
53010
53011
53012
53013
53014
53017
53018
53019
53020
53021
53022
53023
53024
53025
53026
53027
53029
53030
53031
53033
53034
53035
53036
53037
53038
53101
53000
52992
52995
53015
53001
53032
53016
53044
53049
53051
53052
53053
53054
53056
53057
53058
53059
53060
53061
53062
53067
53043
53045
53046
53047
53048
53050
53055
53063
53064
53065
53066
53068
53069
53070
53071
53072
53073
53074
53075
53076
53077
53078
53079
53080
53081
53082
53083
53084
53085
53086
53087
53088
53128
53130
53131
53132
53133
53134
53135
53136
53137
53138
53139
53140
53141
53142
53143
53144
53145
53146
53147
53148
53149
53150
53151
53152
53153
53154
53155
53156
53157
53158
53159
53160
53161
53162
53163
53164
53165
53166
53167
53168
53169
53170
53171
53172
53173
53174
53175
53176
53177
53178
53179
53180
53181
53182
53183
53184
53299
53300
53301
53302
53303
53189
53190
53191
53192
53193
53194
53195
53196
53197
53198
53199
53200
53201
53202
53203
53204
53205
53206
53207
53208
53209
53210
53211
53212
53213
53214
53215
53216
53217
53218
53219
53220
53221
53222
53223
53224
53225
53226
53227
53228
53229
53230
53231
53232
53233
53234
53242
53243
53244
53245
53246
53247
53248
53249
53250
53251
53252
53253
53254
53255
53256
53257
53258
53260
53261
53259
53262
53263
53264
53265
53266
53267
53268
53269
53271
53272
53273
53274
53275
53276
53277
53278
53280
53281
53282
53283
53284
53285
53286
53287
53288
53289
53290
53291
53292
53293
53294
52777
53316
53318
53320
53346
53347
53348
53358
53364
53367
53368
53369
53387
53444
53445
53446
53447
53448
53449
53450
53451
53452
53453
53454
53455
53456
53457
53458
53459
53388
53389
53390
53391
53392
53393
53394
53395
53396
53397
53398
53399
53400
53401
53402
53403
53404
53405
53406
53407
53408
53409
53410
53411
53412
53413
53414
53415
53416
53417
53418
53419
53420
53421
53422
53423
53424
53425
53426
53427
53428
53429
53430
53431
53432
53433
53434
53435
53436
53438
53439
53465
53466
53467
53468
53469
53470
53471
53472
53473
53474
53475
53476
53477
53478
53479
53480
53481
53482
53483
53484
53485
53486
53487
53488
53489
53490
53491
53492
53493
53494
53495
53496
53497
53498
53499
53500
53501
53502
53503
53504
53505
53506
53507
53508
53509
53510
53522
53524
53525
53526
53586
53587
53527
53528
53529
53530
53531
53532
53533
53534
53535
53536
53537
53538
53539
53540
53541
53542
53543
53544
53545
53546
53547
53548
53549
53550
53551
53552
53553
53554
53555
53556
53557
53558
53559
53560
53561
53562
53563
53564
53565
53566
53567
53568
53569
53570
53571
53572
53573
53574
53575
53576
53577
53578
53579
53588
53589
53590
53591
53592
53593
53594
53595
53596
53597
53598
53600
53601
53602
53603
53604
53605
53606
53607
53608
53609
53610
53611
53612
53613
53616
53617
53618
53619
53620
53621
53622
53623
53624
53625
53626
53627
53628
53629
53630
53631
53632
53633
53634
53635
53636
53637
53638
53639
53640
53641
53698
53699
53757
53758
53760
53761
53762
53763
53649
53652
53658
53660
53661
53662
53664
53666
53668
53669
53670
53671
53672
53673
53674
53675
53676
53677
53678
53679
53680
53681
53682
53648
53650
53651
53653
53654
53655
53656
53657
53659
53663
53665
53667
53683
53684
53685
53686
53687
53688
53689
53690
53691
53692
53693
53807
53703
53704
53705
53708
53709
53712
53715
53718
53721
53722
53723
53732
53738
53746
53748
53749
53750
53700
53701
53702
53706
53707
53711
53713
53714
53716
53719
53720
53724
53726
53727
53728
53729
53730
53731
53733
53734
53735
53736
53737
53740
53741
53742
53743
53744
53745
53754
53773
53774
53775
53776
53777
53778
53779
53780
53781
53782
53783
53784
53786
53787
53789
53790
53792
53793
53794
53795
53797
53798
53799
53800
53801
53802
53803
53804
53805
53806
53796
53876
53877
53878
53823
53826
53828
53832
53833
53834
53835
53836
53837
53838
53839
53840
53841
53842
53843
53844
53845
53846
53847
53848
53849
53850
53851
53852
53853
53854
53855
53856
53857
53858
53859
53860
53861
53818
53819
53820
53821
53824
53825
53827
53829
53830
53831
53862
53863
53864
53865
53866
53867
53868
53869
53870
53871
53884
53885
53942
53943
53944
53946
53947
53948
53949
53950
53887
53889
53890
53891
53893
53886
53888
53892
53894
53895
53896
53897
53898
53899
53900
53901
53902
53903
53904
53905
53906
53907
53908
53909
53910
53911
53912
53913
53914
53915
53916
53917
53918
53919
53920
53922
53923
53924
53925
53926
53927
53928
53929
53930
53931
53932
53933
53934
53935
53936
53937
54020
54021
54022
54023
54029
54030
53964
53965
53966
53967
53968
53969
53970
53971
53972
53973
53974
53975
53976
53977
53978
53979
53980
53981
53982
53983
53984
53985
53986
53987
53988
53989
53990
53991
53992
53993
53994
53995
53996
53997
53998
53999
54000
54001
54002
54003
54004
54005
54006
54007
54008
54009
54010
54011
54012
54013
54014
54015
54035
54037
54039
54041
54042
54043
54044
54045
54046
54051
54052
54053
54054
54055
54056
54058
54059
54060
54061
54062
54063
54064
54065
54066
54067
54068
54069
54070
54071
54072
54073
54074
54075
54076
54077
54078
54079
54080
54081
54082
54083
54084
54085
54086
54087
54088
54089
54090
54091
54092
54093
54094
54095
54096
54097
54098
54099
54100
54101
54102
54103
54104
52780
54214
54215
54157
54158
54159
54160
54161
54162
54163
54164
54165
54166
54167
54168
54169
54170
54171
54172
54173
54174
54175
54176
54177
54178
54179
54180
54181
54182
54183
54184
54185
54186
54187
54188
54189
54190
54191
54192
54193
54194
54195
54196
54197
54198
54199
54200
54201
54202
54203
54204
54205
54206
54207
54208
54209
54234
54235
54236
54247
54249
54250
54251
54252
54253
54254
54255
54261
54262
54263
54264
54265
54266
54267
54269
54271
54272
54273
54275
54276
54278
54279
54280
54283
54286
54287
54289
54290
54291
54292
54293
54294
54295
54296
54297
54298
54299
54300
54301
54302
54303
54304
54305
54306
54307
54308
54268
54270
54277
54281
54282
54284
54285
54288
54309
54310
54311
54312
54313
54314
54315
54316
54317
54318
54319
54320
54321
54322
54323
54325
54327
54328
54329
54330
54331
54332
54333
54334
54335
54336
54337
54338
54339
54340
54341
54342
54343
54344
54345
54346
54347
54348
54349
54350
54351
54352
54353
54354
54356
54358
54359
54360
54372
54373
54374
54375
54376
54384
54386
54387
54388
54389
54391
54393
54398
54399
54400
54385
54390
54392
54394
54395
54396
54397
54401
54402
54403
54404
54405
54406
54407
54409
54410
54411
54412
54413
54414
54415
54416
54417
54418
54419
54420
54421
54422
54424
54425
54427
54428
54429
54430
54431
54432
54433
54434
54435
54436
54437
54438
54439
54440
54441
54442
54443
54444
54445
54446
54447
54448
54449
54450
54451
54452
54453
54454
54455
54456
54457
54458
54459
54460
54461
54462
54463
54464
54465
54466
54467
54469
54470
54472
54475
54476
54479
54468
54471
54473
54474
54477
54480
54482
54483
54484
54485
54486
54487
54489
54490
54491
54492
54493
54494
54495
54496
54497
54498
54499
54500
54501
54503
54504
54505
54506
54509
54510
54508
54511
54512
54513
54514
54515
54516
54517
54518
54519
54520
54521
54522
54523
54524
54525
54526
54527
54528
54529
54530
54531
54532
54533
54540
54542
54543
54545
54546
54548
54550
54556
54559
54562
54564
54565
54569
54570
54571
54572
54574
54576
54538
54539
54541
54544
54547
54549
54551
54552
54553
54554
54555
54557
54558
54560
54561
54563
54566
54567
54568
54573
54575
54577
54578
54579
54580
54581
54582
54583
54584
54585
54586
54587
54588
54589
54590
54591
54592
54594
54595
54596
54597
54598
54600
54601
54602
54603
54604
54605
54606
54608
54609
54610
54611
54612
54613
54614
54615
54616
54617
54619
54621
54622
54623
54624
54625
54626
54628
54629
54630
54631
54632
54633
54634
54637
54638
54639
54640
54641
54682
54683
54684
54685
54686
54687
54688
54689
54690
54691
54692
54693
54694
54695
54699
54700
54701
54702
54704
54751
54746
54747
54748
54749
54750
54752
54754
54818
54758
54759
54760
54761
54762
54763
54764
54765
54766
54767
54768
54769
54770
54771
54772
54773
54774
54775
54776
54777
54778
54779
54780
54781
54782
54783
54784
54785
54786
54787
54788
54789
54790
54791
54792
54793
54794
54795
54796
54797
54798
54799
54800
54801
54802
54803
54804
54805
54806
54807
54808
54809
54810
54811
54881
54884
54885
54886
54887
54888
54890
54892
54893
54894
54895
54896
54897
54898
54899
54900
54901
54902
54903
54904
54905
54906
54907
54908
54910
54911
54912
54913
54914
54915
54916
54917
54918
54919
54920
54921
54923
54924
54925
54927
54928
54929
54930
54931
54932
54933
54934
54935
54936
54938
54939
54940
54941
54943
54944
54945
54946
54947
54948
54949
54951
54952
54954
54956
54957
54958
54959
54960
54961
54962
54963
54964
54965
54966
54967
54968
54969
54970
54971
54973
54974
54975
54976
54978
54980
54982
54983
54984
54986
54987
54992
54993
54994
54995
54996
54997
55001
54922
54926
54953
54955
54988
54989
54990
55002
55003
55004
55005
55006
55007
55008
54820
54821
54822
54823
54824
54825
54829
54831
54832
54835
54836
54840
54844
54845
54846
54847
54848
54849
54850
54852
54854
54856
54860
54861
54862
54863
54864
54865
54866
54867
54868
54869
54870
54871
54872
54873
54826
54827
54828
54830
54833
54834
54837
54838
54839
54841
54842
54843
54851
54853
54855
54857
54858
54859
55133
55134
55135
55136
55137
55184
55185
55186
55187
55189
55190
55191
55194
55195
55196
55198
55199
55200
55201
55202
55204
55205
55206
55207
55208
55210
55212
55213
55214
55215
55216
55218
55219
55220
55222
55224
55225
55227
55228
55229
55230
55231
55232
55234
55235
55237
55238
55242
55243
55244
55245
55013
55014
55017
55020
55021
55022
55023
55024
55025
55026
55027
55028
55029
55030
55031
55032
55033
55034
55035
55036
55037
55038
55248
55249
55250
55251
55252
55253
55254
55255
55256
55257
55258
55259
55260
55261
55040
55039
55042
55043
55046
55050
55055
55056
55057
55059
55062
55063
55065
55066
55068
55069
55070
55071
55074
55075
55076
55077
55078
55079
55080
55082
55083
55087
55088
55089
55091
55094
55092
55095
55096
55097
55099
55100
55101
55102
55269
55270
55271
55273
55274
55275
55276
55277
55279
55281
55282
55283
55286
55287
55288
55292
55293
55294
55296
55272
55278
55280
55284
55285
55289
55290
55291
55295
55297
55298
55299
55300
55302
55303
55304
55305
55306
55307
55308
55309
55310
55311
55312
55313
55314
55315
55316
55317
55318
55319
55324
55326
55327
55331
55332
55333
55334
55335
55336
55337
55338
55339
55340
55341
55342
55343
55344
55345
55346
55347
55348
55349
55350
55351
55352
55353
55354
55355
55357
55358
55359
55360
55361
55362
55363
55364
55365
55366
55367
55368
55369
55370
55371
55372
55373
55374
55375
55376
55377
55378
55379
55380
55381
55382
55383
55384
55385
55386
44310
44311
44312
44313
44314
44315
55391
55392
55393
55394
55395
55396
55397
55398
55399
55400
55401
55402
55403
55404
55405
55406
55407
55408
55409
55410
55411
55412
55413
55414
55415
55416
55417
55418
55419
55420
55421
55422
55423
55425
55426
55427
55428
55429
55430
55431
55432
55433
55434
55435
55436
55437
55438
55439
55510
55511
55512
55513
55514
55515
55516
55519
55520
55521
55522
55523
55524
55525
55528
55529
55530
55532
55533
55534
55535
55536
55537
55539
55540
55541
55544
55546
55547
55549
55550
55551
55552
55555
55556
55542
55543
55548
55554
55559
55449
55450
55451
55452
55453
55454
55455
55456
55457
55458
55459
55460
55461
55462
55463
55464
55465
55466
55467
55468
55469
55470
55471
55472
55473
55474
55475
55476
55477
55478
55479
55480
55481
55482
55483
55484
55485
55486
55487
55488
55489
55490
55491
55492
55493
55501
55500
55498
55497
55495
55494
55499
55569
55570
55578
55579
55580
55582
55583
55584
55585
55587
55588
55589
55571
55572
55573
55574
55575
55576
55577
55581
55586
55590
55591
55592
55593
55594
55595
55596
55597
55598
55599
55600
55601
55602
55603
55604
55605
55607
55608
55609
55610
55611
55612
55613
55614
55615
55616
55617
55618
55619
55620
55621
55622
55623
55629
55630
55631
55632
55633
55635
55636
55637
55638
55640
55642
55650
55655
55658
55659
44316
55661
55664
55678
55628
55634
55639
55641
55643
55644
55645
55646
55647
55648
55649
55651
55652
55653
55654
55656
55657
55660
55662
55663
55665
55667
55668
55669
55670
55671
55672
55673
55674
55675
55676
55677
55691
55692
55694
55716
55695
55697
55699
55700
55701
55702
55704
55705
55707
55708
55709
55710
55712
55713
55714
55741
55742
55743
55744
55745
55746
55747
55748
55749
55750
55751
55752
55753
55754
55755
55756
55757
55758
55759
55760
55761
55762
55763
55764
55765
55766
55767
55768
55769
55770
55771
55772
55773
55774
55775
55776
55777
55778
55779
55780
55781
55782
55783
55784
55785
55786
55787
55788
55789
55790
55791
55836
55837
55838
55839
55845
55847
55846
55848
55849
55861
55862
55863
55864
55867
55868
55869
55870
55871
55872
55874
55875
55876
55878
55879
55880
55881
55882
55883
55884
55885
55886
55887
55888
55890
55891
55894
55895
55896
55897
55898
55899
55900
55901
55902
55892
55909
55910
55973
55974
55975
55976
55914
55915
55916
55917
55918
55919
55920
55921
55922
55923
55924
55925
55926
55927
55928
55929
55930
55931
55932
55933
55934
55935
55936
55937
55938
55939
55940
55941
55942
55943
55944
55945
55946
55947
55948
55949
55950
55951
55952
55953
55954
55955
55956
55957
55958
55959
55960
55961
55962
55963
55964
55965
55982
55983
56086
56087
56088
56089
56090
55986
55987
55988
55989
55990
55991
55992
55993
55994
55995
55996
55997
55998
55999
56000
56001
56002
56003
56004
56005
56006
56007
56008
56009
56010
56011
56012
56013
56014
56015
56016
56017
56018
56019
56020
56021
56022
56023
56024
56025
56026
56027
56028
56029
56030
56031
56032
56033
56034
56035
56036
56037
56038
56039
56040
56041
56153
56154
56155
56156
56157
56158
56162
56159
56160
56163
56164
56165
56166
56167
56168
56169
56170
56171
56093
56094
56095
56096
56097
56098
56099
56100
56101
56102
56103
56104
56105
56106
56107
56108
56109
56110
56111
56112
56113
56114
56115
56116
56117
56118
56119
56120
56121
56122
56123
56124
56125
56126
56127
56128
56129
56130
56131
56132
56133
56134
56135
56136
56137
56138
56139
56140
56141
56142
56143
56144
56145
56146
56147
56148
56172
56232
56235
56236
56237
56238
56239
56240
56245
56246
56249
56250
56252
56253
56248
56255
56257
56258
56259
56260
56261
56262
56263
56264
56266
56269
56271
56272
56273
56274
56275
56276
56278
56279
56280
56281
56284
56285
56254
56182
56187
56188
56189
56191
56193
56195
56196
56197
56198
56199
56200
56206
56213
56241
56247
56251
56256
56265
56267
56270
56277
56282
56283
56287
56289
56290
56291
56292
56293
56294
56295
56299
56306
56305
56304
56303
56302
56301
56300
56298
56297
56296
56288
56311
56314
56317
56318
56319
56320
56321
56322
56323
56324
56325
56326
56327
56328
56329
56330
56331
56332
56333
56335
56337
56338
56340
56341
56342
56343
56344
56362
56361
56360
56359
56358
56357
56356
56355
56354
56353
56352
56351
56350
56349
56348
56347
56346
56345
56339
56336
56334
56442
56444
56374
56375
56376
56377
56378
56379
56380
56381
56382
56383
56384
56385
56386
56387
56388
56389
56390
56391
56392
56393
56394
56395
56396
56397
56398
56399
56400
56401
56402
56403
56404
56405
56406
56407
56408
56409
56410
56411
56412
56413
56414
56415
56416
56417
56418
56419
56420
56421
56422
56423
56424
56425
56426
56427
56428
56429
56448
56449
56450
56451
56452
56453
56454
56455
56456
56457
56458
56459
56460
56461
56462
56463
56464
56465
56466
56467
56468
56469
56470
56471
56472
56473
56474
56475
56476
56477
56478
56479
56480
56481
56482
56483
56484
56485
56486
56487
56488
56489
56490
56491
56492
56493
56494
56495
56496
56497
56498
56582
56583
56584
56585
56586
56587
56588
56589
56590
56591
56592
56593
56595
56596
56597
56598
56599
56600
56601
56602
56603
56604
56605
56606
56607
56608
56609
56610
56611
56612
56613
56614
56615
56616
56617
56618
56619
56620
56621
56622
56623
56624
56625
56626
56627
56628
56630
56632
56633
56634
56635
56636
56637
56638
56640
56641
56642
56643
56644
56645
56646
56647
56648
56649
56650
56651
56652
56653
56654
56655
56656
56657
56659
56660
56661
56662
56663
56664
56665
56666
56667
56668
56669
56670
56671
56672
56673
56674
56675
56676
56677
56678
56679
56680
56681
56682
56683
56684
56685
56686
56687
56629
56658
56639
56219
56220
56503
56504
56505
56506
56507
56508
56509
56510
56511
56512
56513
56514
56515
56516
56517
56518
56519
56520
56521
56522
56523
56524
56525
56526
56527
56528
56529
56530
56531
56532
56533
56534
56535
56536
56537
56538
56539
56540
56541
56542
56543
56544
56545
56546
56547
56548
56549
56550
56551
56552
56553
56554
56555
56556
56557
56558
56731
56732
56733
56734
56736
56735
56737
56738
56726
56727
56728
56729
56730
56688
56689
56690
56691
56692
56693
56694
56695
56697
56698
56699
56700
56701
56702
56703
56704
56705
56706
56707
56708
56709
56753
56754
56767
56768
56769
56770
56771
56772
56773
56774
56775
56776
56777
56778
56779
56780
56781
56782
56783
56784
56785
56786
56787
56788
56789
56790
56791
56792
56793
56794
56795
56796
56797
56798
56799
56800
56801
56802
56803
56804
56805
56806
56807
56808
56809
56810
56811
56812
56813
56814
56815
56816
56817
56818
56873
56874
56823
56824
56825
56826
56827
56828
56832
56833
56834
56835
56836
56837
56838
56839
56840
56841
56842
56843
56844
57047
56876
56877
56878
56879
56880
56881
56882
56883
56884
56885
56886
56887
56888
56889
56890
56891
56892
56893
56894
56895
56896
56897
56898
56899
56900
56901
56902
56903
56904
56905
56906
56907
56908
56909
56910
56911
56912
56913
56914
56915
56916
56917
56918
56919
56920
56921
56922
56924
56925
56869
56923
56926
56927
56942
56947
56949
56950
56952
56953
56955
56956
56958
56959
56961
56962
56963
56965
56967
56969
56970
56971
56972
56973
56974
56975
56976
56977
56978
56979
56980
56982
56983
56984
56985
57004
57005
57006
57007
57008
57009
57010
57011
57012
57013
57014
57015
57016
57017
57018
57019
57020
57021
57022
57023
57024
57025
57026
57027
57028
57029
57030
57031
57032
57033
57034
57035
57036
57037
57038
57039
57040
57041
57042
57043
57044
57156
57155
57154
57152
57147
57146
57145
57144
57143
57141
57140
57139
57138
57137
57135
57134
57133
57132
57131
57130
57129
57127
57126
57125
57124
57123
57122
57119
57118
57117
57116
57114
57113
57112
57111
57110
57109
57108
57107
57106
57105
57104
57103
57101
57094
57093
57092
57091
57090
57089
57088
57087
57086
57085
57084
57083
57082
57081
57080
57079
57078
57077
57076
57075
57074
57073
57072
57071
57070
57069
57068
57067
57066
57065
57064
57063
57062
57061
57060
57059
57058
57057
57056
57055
57054
57053
57052
57051
57050
57049
57048
57102
57115
57120
57121
57128
57136
57142
57148
57149
57150
57151
57153
57288
57289
57318
57319
57265
57264
57263
57262
57261
57260
57259
57258
57257
57256
57255
57254
57253
57252
57251
57250
57249
57248
57247
57246
57245
57244
57243
57242
57241
57240
57239
57238
57237
57236
57235
57234
57233
57232
57231
57230
57229
57228
57227
57226
57225
57224
57223
57222
57221
57220
57219
57218
57290
57291
57292
57293
57294
57295
57296
57297
57298
57299
57300
57301
57302
57303
57304
57305
57306
57307
57308
57309
57310
57311
57399
57400
57401
57402
44339
44340
44341
44402
44396
44403
44407
44405
44408
44409
44411
44413
44451
44450
44449
44452
44486
44488
44487
44498
44497
44499
44519
44520
44521
44531
44528
44529
44530
44533
44534
44536
44539
44537
44538
44548
44547
44549
44589
44604
44619
44617
44611
44603
44599
44605
44612
44592
44593
44600
44601
44606
44607
44610
44614
44618
44616
44613
44609
44623
44622
44628
44634
44705
44703
44784
44777
44781
44780
44779
44783
44782
44715
44718
44719
44720
44721
44724
44725
44726
44727
44729
44731
44732
44733
44734
44735
44736
44737
44738
44739
44740
44741
44743
44744
44746
44747
44748
44751
44752
44753
44754
44757
44759
44761
44762
44763
44764
44765
44766
44767
44768
44772
44723
44771
44760
44758
44713
44716
44717
44714
44787
44818
44807
44816
44813
44810
44809
44817
44820
44819
44836
44840
44838
44839
44842
44843
44853
44855
44859
44852
44861
44863
44860
44888
44915
44917
44921
44922
44924
44927
44930
44932
44939
44940
44941
44946
44954
44956
44957
45016
45019
44955
44934
44914
44959
44937
44961
44938
44964
44966
44967
44968
44969
44970
44942
44918
44943
44920
44923
44972
44944
44945
44925
44926
44973
44952
44928
44929
44949
44953
44951
44931
44933
45024
45044
45045
45047
45048
45049
45050
45052
45053
45054
45057
45058
45059
45060
45061
45062
45064
45065
45066
45067
45068
45071
45072
45073
45074
45075
45076
45078
45079
45080
45081
45082
45083
45084
45085
45087
45088
45089
45090
45092
45093
45094
45095
45096
45098
45099
45100
45101
45102
45103
45250
45251
45253
45178
45179
45219
45180
45181
45182
45183
45184
45185
45186
45190
45191
45192
45193
45194
45198
45199
45201
45204
45206
45207
45208
45210
45221
45222
45223
45225
45226
45227
45228
45232
45233
45187
45188
45189
45196
45197
45212
45213
45214
45215
45217
45229
45230
45234
45235
45236
45237
45205
45463
45462
45461
45460
45419
45418
45417
45416
45415
45414
45413
45412
45411
45409
45408
45407
45406
45405
45404
45403
45402
45401
45400
45399
45398
45397
45396
45395
45394
45393
45392
45391
45390
45389
45388
45387
45386
45384
45383
45382
45381
45380
45379
45378
45377
45376
45375
45374
45373
45372
45371
45370
45369
45368
45367
45366
45365
45364
45362
45361
45360
45484
45483
45526
45527
45532
45543
45544
45546
45547
45548
45577
45579
45580
45582
45545
45570
45531
45550
45556
45557
45578
45581
45590
45589
45588
45587
45586
45584
45583
45576
45574
45573
45572
45571
45569
45568
45567
45566
45565
45564
45563
45562
45561
45560
45559
45558
45555
45554
45553
45551
45542
45541
45540
45538
45536
45535
45534
45602
45603
45605
45611
45612
45625
45624
45721
45722
45658
45659
45660
45661
45662
45663
45665
45666
45667
45668
45669
45670
45671
45672
45673
45674
45675
45676
45677
45678
45679
45680
45681
45682
45683
45684
45685
45686
45688
45689
45690
45691
45692
45693
45694
45695
45696
45697
45698
45699
45700
45701
45702
45703
45704
45705
45706
45707
45708
45709
45710
45711
45712
45713
45714
45726
45794
45795
45796
45731
45746
45783
45789
45733
45736
45738
45774
45747
45790
45743
45730
45732
45734
45735
45739
45740
45741
45742
45744
45745
45748
45750
45751
45753
45754
45755
45756
45757
45758
45759
45760
45762
45764
45766
45767
45768
45769
45770
45771
45772
45773
45775
45776
45777
45778
45779
45780
45781
45782
45784
45785
45786
45787
45788
45804
45856
45857
45858
45859
45939
45941
46025
46026
46059
46060
46065
46075
46077
46080
46082
46047
46048
46049
46067
46066
46071
46055
46062
46063
46068
46076
46083
46053
46054
46074
46052
46061
46073
46078
46079
46081
46051
46056
46069
46031
46072
46089
46064
46058
46070
46035
46037
46045
46027
46028
46029
46030
46032
46033
46034
46036
46038
46039
46040
46041
46042
46043
46044
46088
46232
46234
46233
46133
46179
46128
46131
46137
46144
46156
46160
46161
46171
46172
46117
46121
46148
46118
46122
46123
46124
46127
46130
46134
46135
46136
46140
46141
46158
46159
46168
46125
46138
46119
46120
46126
46132
46152
46165
46167
46129
46142
46146
46150
46166
46169
46147
46174
46155
46151
46149
46163
46164
46162
46153
46154
46235
46157
46173
46266
46267
46268
46275
46325
46396
46344
46326
46327
46328
46330
46340
46347
46353
46357
46359
46361
46363
46365
46366
46372
46374
46375
46380
46356
46358
46341
46352
46383
46370
46384
46351
46371
46364
46355
46362
46382
46348
46329
46331
46332
46333
46334
46335
46336
46337
46338
46342
46343
46345
46349
46350
46354
46360
46368
46376
46440
46442
46443
46444
46448
46451
46450
46446
46290
46291
46288
46282
46296
46285
46283
46297
46286
46299
46314
46289
46318
46317
46316
46315
46313
46298
46459
46460
46461
46462
46454
46456
46457
46458
46455
46322
46321
46470
46472
46471
46469
46478
46479
46480
46481
46483
46484
46500
46501
46502
46503
46527
46528
46529
46597
46609
46612
46532
46533
46534
46535
46537
46538
46541
46542
46543
46544
46545
46546
46547
46548
46549
46550
46553
46554
46556
46557
46558
46559
46561
46562
46563
46564
46565
46566
46567
46569
46570
46572
46574
46575
46576
46577
46578
46579
46580
46581
46582
46583
46584
46585
46586
46588
46589
46591
46596
46735
46737
46738
46812
46671
46672
46673
46674
46675
46677
46679
46680
46681
46682
46684
46685
46686
46687
46689
46690
46691
46692
46693
46694
46696
46698
46699
46700
46701
46702
46703
46704
46705
46706
46707
46709
46710
46711
46712
46713
46714
46715
46716
46717
46718
46719
46722
46723
46725
46726
46727
46807
46809
46810
46811
46808
46813
46814
46815
46816
46817
46819
46820
46821
46822
46825
46740
46741
46743
46744
46746
46747
46748
46749
46751
46752
46753
46754
46755
46756
46757
46758
46759
46760
46764
46765
46766
46767
46768
46770
46772
46779
46780
46781
46782
46783
46784
46785
46786
46787
46788
46789
46790
46791
46792
46793
46794
46796
46798
46837
46838
46904
46908
46909
46910
46911
46931
46955
46986
46987
46989
46990
46993
46995
47001
47005
47007
47009
47015
47025
47027
47036
47040
47041
47042
47029
47018
47013
47012
47003
47100
47101
47102
47122
47124
47126
47128
47129
47133
47134
47135
47136
47137
47138
47139
47143
47144
47147
47148
47149
47150
47151
47152
47153
47154
47155
47157
47158
47161
47162
47164
47165
47167
47170
47171
47173
47174
47175
47177
47178
47179
47181
47141
47163
47231
47234
47235
47296
47297
47298
47299
47300
47302
47303
47304
47309
47311
47319
47429
47450
47452
47453
47456
47457
47459
47462
47465
47469
47471
47472
47473
47474
47475
47486
47490
47491
47492
47493
47494
47495
47496
47497
47498
47499
47500
47502
47505
47507
47508
47511
47512
47435
47442
47477
47478
47479
47482
47483
47484
47350
47351
47352
47353
47354
47355
47357
47359
47361
47368
47375
47388
47391
47403
47404
47356
47358
47360
47362
47363
47366
47367
47369
47370
47371
47372
47373
47374
47376
47377
47378
47379
47380
47381
47382
47383
47384
47385
47386
47387
47389
47390
47392
47393
47394
47395
47396
47397
47398
47399
47400
47401
47402
47405
47406
47407
47408
47514
47515
47516
47518
47520
47521
47522
47523
47525
47527
47528
47529
47530
47532
47533
47534
47535
47536
47537
47538
47539
47540
47542
47543
47544
47545
47616
47615
47617
47548
47549
47550
47551
47552
47554
47555
47556
47557
47558
47559
47560
47561
47562
47563
47564
47565
47566
47567
47568
47570
47571
47572
47573
47574
47575
47576
47577
47578
47579
47580
47581
47582
47583
47585
47586
47587
47588
47589
47590
47591
47592
47593
47594
47595
47596
47597
47598
47599
47600
47601
47602
47603
47604
47606
47607
47684
47685
47686
47687
47688
47612
47620
47621
47622
47623
47624
47625
47626
47627
47628
47629
47630
47632
47633
47634
47635
47636
47637
47638
47639
47640
47641
47642
47643
47644
47645
47646
47647
47648
47649
47650
47651
47652
47653
47654
47655
47656
47657
47658
47659
47660
47661
47662
47663
47664
47665
47666
47667
47668
47670
47671
47672
47673
47674
47675
47676
47677
47679
47691
47692
47693
47694
47695
47696
47698
47697
47722
47723
47724
47725
47726
47727
47728
47729
47730
47731
47732
47733
47734
47735
47736
47737
47738
47739
47740
47742
47743
47744
47745
47746
47747
47748
47749
47751
47752
47753
47754
47756
47757
47760
47761
47762
47763
47764
47766
47767
47768
47770
47771
47772
47773
47774
47775
47776
47777
47778
47779
47780
47781
47741
47750
47769
47854
47855
47856
47857
47858
47859
47787
47788
47789
47790
47791
47792
47793
47794
47795
47796
47797
47798
47799
47800
47801
47802
47803
47804
47805
47806
47807
47808
47809
47810
47811
47812
47813
47814
47815
47816
47817
47818
47819
47820
47821
47822
47823
47824
47825
47826
47827
47828
47829
47830
47831
47832
47833
47834
47835
47836
47837
47838
47839
47840
47841
47842
47843
47844
47845
47846
47860
47861
47862
47863
47864
47865
47866
47867
47868
47869
47870
47871
47873
47874
47875
47876
47877
47878
47879
47880
47881
47882
47883
47884
47885
47886
47887
47888
47889
47891
47892
47894
47895
47896
47897
47898
47899
47900
47901
47902
47903
47904
47905
47907
47908
47909
47910
47911
47912
47913
47914
47915
47916
47917
47918
47919
47965
47969
47971
47974
47975
47977
47978
47979
47980
47981
47982
47985
47989
47990
47991
47992
47993
47994
47995
47996
47997
47998
47999
48000
48002
48003
48005
48008
48009
48010
48011
48013
48014
48016
48018
48019
48020
48021
48022
48023
48026
48027
48028
48030
48031
48033
48034
48036
48079
48080
48157
48158
48092
48093
48094
48095
48096
48097
48098
48099
48100
48101
48102
48103
48104
48105
48106
48107
48108
48109
48110
48111
48112
48113
48114
48115
48116
48117
48118
48119
48120
48121
48122
48123
48124
48125
48126
48127
48128
48129
48130
48131
48132
48133
48134
48135
48136
48137
48138
48139
48140
48141
48142
48143
48144
48145
48146
48147
48148
48149
48150
48151
48189
48191
48198
48192
48193
48248
48250
48251
48252
48253
48254
48255
48257
48274
48340
48341
48269
48273
48276
48277
48278
48279
48280
48281
48282
48283
48284
48285
48286
48287
48288
48289
48290
48292
48294
48295
48296
48297
48298
48291
48293
48299
48300
48301
48302
48303
48304
48305
48306
48307
48308
48309
48310
48311
48312
48313
48314
48315
48316
48317
48318
48319
48320
48321
48322
48323
48324
48325
48326
48327
48328
48329
48330
48331
48332
48333
48334
48335
48423
48424
48425
48426
48427
48518
48521
48524
48525
48353
48354
48355
48356
48357
48360
48361
48362
48363
48364
48365
48366
48367
48368
48369
48370
48371
48372
48374
48375
48376
48377
48378
48379
48380
48381
48382
48385
48386
48388
48389
48390
48394
48395
48358
48359
48373
48383
48384
48387
48391
48392
48393
48396
48397
48398
48399
48400
48401
48402
48403
48404
48405
48406
48407
48408
48409
48410
48411
48412
48428
48431
48434
48437
48439
48442
48435
48438
48447
48448
48456
48463
48465
48467
48468
48471
48474
48478
48481
48484
48486
48430
48432
48433
48436
48441
48440
48444
48443
48445
48446
48453
48455
48459
48470
48472
48473
48475
48429
48449
48450
48451
48452
48454
48458
48460
48461
48462
48464
48466
48469
48476
48479
48480
48482
48483
48485
48487
48621
48622
48623
48624
48625
48557
48553
48554
48555
48556
48558
48559
48561
48562
48563
48564
48565
48566
48567
48568
48569
48570
48571
48572
48573
48574
48575
48576
48577
48578
48579
48580
48581
48582
48583
48584
48585
48586
48587
48588
48589
48591
48594
48592
48593
48604
48595
48596
48597
48598
48599
48600
48602
48603
48605
48606
48639
48640
48641
48642
48643
48644
48646
48647
48648
48651
48652
48653
48654
48655
48656
48657
48658
48662
48675
48638
48645
48649
48650
48659
48660
48661
48663
48664
48665
48666
48667
48668
48669
48670
48671
48672
48673
48674
48676
48677
48678
48679
48680
48681
48682
48683
48684
48685
48686
48687
48688
48689
48690
48691
48692
48693
48694
48695
48696
48697